%% KTrec
(0.0000,-0.000) (0.0161,-0.000) (0.0322,-0.000) (0.0483,-0.000) (0.0644,-0.001) (0.0805,-0.002) (0.0966,-0.003) (0.1127,-0.006) (0.1288,-0.011) (0.1449,-0.019) (0.1610,-0.029) (0.1771,-0.044) (0.1932,-0.063) (0.2093,-0.086) (0.2254,-0.114) (0.2415,-0.147) (0.2576,-0.183) (0.2737,-0.224) (0.2898,-0.269) (0.3059,-0.317) (0.3220,-0.368) (0.3381,-0.423) (0.3542,-0.480) (0.3703,-0.542) (0.3864,-0.607) (0.4025,-0.678) (0.4186,-0.754) (0.4347,-0.836) (0.4508,-0.925) (0.4669,-1.018) (0.4831,-1.117) (0.4992,-1.219) (0.5153,-1.323) (0.5314,-1.429) (0.5475,-1.536) (0.5636,-1.639) (0.5797,-1.751) (0.5958,-1.869) (0.6119,-2.000) (0.6280,-2.147) (0.6441,-2.316) (0.6602,-2.493) (0.6763,-2.726) (0.6924,-2.977) (0.7085,-3.215) (0.7246,-3.469) (0.7407,-3.783) (0.7568,-3.979) (0.7729,-4.125) (0.7890,-4.301) (0.8051,-4.699) (0.8212,-4.699) (0.8373,-5.000) (0.8534,-5.000) (0.8695,-5.000) (0.8856,-5.301) (0.9017,-5.301) (0.9178,-5.301) (0.9339,-5.301) (0.9500,-5.301) (0.9550,-5.301) (0.9573,-5.301) (0.9597,-5.602) (0.9620,-5.602) (0.9644,-5.602) (0.9667,-5.602) (0.9691,-5.602) (0.9714,-5.602) (0.9737,-5.602) (0.9761,-5.602) (0.9784,-5.602) (0.9808,-5.602) (0.9831,-5.602) (0.9854,-5.602) (0.9878,-5.602) (0.9901,-5.602) (0.9925,-5.602) (0.9948,-5.602) (0.9972,-5.602) (0.9995,-5.602)

%% CTrec
(-2.500,-8.000) (-2.436,-8.000) (-2.372,-8.000) (-2.308,-8.000) (-2.244,-8.000) (-2.179,-8.000) (-2.115,-8.000) (-2.051,-8.000) (-1.987,-8.000) (-1.923,-8.000) (-1.859,-8.000) (-1.795,-8.000) (-1.731,-8.000) (-1.667,-8.000) (-1.603,-8.000) (-1.538,-6.704) (-1.474,-5.234) (-1.410,-4.126) (-1.346,-3.288) (-1.282,-2.651) (-1.218,-2.165) (-1.154,-1.788) (-1.090,-1.478) (-1.026,-1.120) (-0.962,-0.462) (-0.897,0.414) (-0.833,1.250) (-0.769,1.968) (-0.705,2.561) (-0.641,3.037) (-0.577,3.416) (-0.513,3.715) (-0.449,3.950) (-0.385,4.136) (-0.321,4.284) (-0.256,4.401) (-0.192,4.495) (-0.128,4.570) (-0.064,4.631) (0.000,4.681)

%% SstarTrec
(-0.9273,0)

%% KQuora
(0.0000,-0.000) (0.0161,-0.000) (0.0322,-0.000) (0.0483,-0.000) (0.0644,-0.001) (0.0805,-0.001) (0.0966,-0.003) (0.1127,-0.006) (0.1288,-0.011) (0.1449,-0.019) (0.1610,-0.031) (0.1771,-0.049) (0.1932,-0.074) (0.2093,-0.106) (0.2254,-0.147) (0.2415,-0.198) (0.2576,-0.258) (0.2737,-0.329) (0.2898,-0.411) (0.3059,-0.503) (0.3220,-0.605) (0.3381,-0.715) (0.3542,-0.837) (0.3703,-0.969) (0.3864,-1.105) (0.4025,-1.246) (0.4186,-1.391) (0.4347,-1.544) (0.4508,-1.696) (0.4669,-1.850) (0.4831,-2.009) (0.4992,-2.159) (0.5153,-2.317) (0.5314,-2.466) (0.5475,-2.622) (0.5636,-2.771) (0.5797,-2.917) (0.5958,-3.058) (0.6119,-3.197) (0.6280,-3.337) (0.6441,-3.481) (0.6602,-3.577) (0.6763,-3.721) (0.6924,-3.870) (0.7085,-4.022) (0.7246,-4.301) (0.7407,-4.523) (0.7568,-4.602) (0.7729,-4.824) (0.7890,-5.000) (0.8051,-5.000) (0.8212,-5.000) (0.8373,-5.000) (0.8534,-5.301) (0.8695,-5.301) (0.8856,-5.301) (0.9017,-5.602) (0.9178,-5.602) (0.9339,-5.602) (0.9500,-5.602) (0.9550,-5.602) (0.9573,-5.602) (0.9597,-5.602) (0.9620,-5.602) (0.9644,-5.602) (0.9667,-5.602) (0.9691,-5.602) (0.9714,-5.602) (0.9737,-5.602) (0.9761,-5.602) (0.9784,-5.602) (0.9808,-5.602) (0.9831,-5.602) (0.9854,-5.602) (0.9878,-5.602) (0.9901,-5.602) (0.9925,-5.602) (0.9948,-5.602) (0.9972,-5.602) (0.9995,-5.602)

%% CQuora
(-2.500,-8.000) (-2.436,-8.000) (-2.372,-8.000) (-2.308,-8.000) (-2.244,-8.000) (-2.179,-8.000) (-2.115,-8.000) (-2.051,-8.000) (-1.987,-8.000) (-1.923,-8.000) (-1.859,-8.000) (-1.795,-8.000) (-1.731,-8.000) (-1.667,-8.000) (-1.603,-8.000) (-1.538,-8.000) (-1.474,-8.000) (-1.410,-8.000) (-1.346,-6.678) (-1.282,-5.084) (-1.218,-3.871) (-1.154,-2.940) (-1.090,-2.207) (-1.026,-1.572) (-0.962,-0.817) (-0.897,0.227) (-0.833,1.274) (-0.769,2.147) (-0.705,2.840) (-0.641,3.380) (-0.577,3.800) (-0.513,4.127) (-0.449,4.381) (-0.385,4.580) (-0.321,4.737) (-0.256,4.861) (-0.192,4.960) (-0.128,5.039) (-0.064,5.104) (0.000,5.156)

%% SstarQuora
(-0.9106,0)

%% KNq
(0.0000,-0.003) (0.0161,-0.007) (0.0322,-0.015) (0.0483,-0.029) (0.0644,-0.051) (0.0805,-0.084) (0.0966,-0.129) (0.1127,-0.188) (0.1288,-0.262) (0.1449,-0.350) (0.1610,-0.452) (0.1771,-0.566) (0.1932,-0.693) (0.2093,-0.827) (0.2254,-0.967) (0.2415,-1.115) (0.2576,-1.269) (0.2737,-1.426) (0.2898,-1.592) (0.3059,-1.760) (0.3220,-1.924) (0.3381,-2.100) (0.3542,-2.282) (0.3703,-2.469) (0.3864,-2.664) (0.4025,-2.854) (0.4186,-3.029) (0.4347,-3.215) (0.4508,-3.415) (0.4669,-3.602) (0.4831,-3.824) (0.4992,-3.939) (0.5153,-4.097) (0.5314,-4.222) (0.5475,-4.523) (0.5636,-4.602) (0.5797,-4.699) (0.5958,-5.000) (0.6119,-5.000) (0.6280,-5.000) (0.6441,-5.000) (0.6602,-5.000) (0.6763,-5.301) (0.6924,-5.301) (0.7085,-5.301) (0.7246,-5.301) (0.7407,-5.602) (0.7568,-5.602) (0.7729,-5.602) (0.7890,-5.602) (0.8051,-5.602) (0.8212,-5.602) (0.8373,-5.602) (0.8534,-5.602) (0.8695,-5.602) (0.8856,-5.602) (0.9017,-5.602) (0.9178,-5.602) (0.9339,-5.602) (0.9500,-5.602) (0.9550,-5.602) (0.9573,-5.602) (0.9597,-5.602) (0.9620,-5.602) (0.9644,-5.602) (0.9667,-5.602) (0.9691,-5.602) (0.9714,-5.602) (0.9737,-5.602) (0.9761,-5.602) (0.9784,-5.602) (0.9808,-5.602) (0.9831,-5.602) (0.9854,-5.602) (0.9878,-5.602) (0.9901,-5.602) (0.9925,-5.602) (0.9948,-5.602) (0.9972,-5.602) (0.9995,-5.602)

%% CNq
(-2.500,-8.000) (-2.436,-8.000) (-2.372,-8.000) (-2.308,-8.000) (-2.244,-8.000) (-2.179,-8.000) (-2.115,-8.000) (-2.051,-8.000) (-1.987,-8.000) (-1.923,-8.000) (-1.859,-8.000) (-1.795,-8.000) (-1.731,-8.000) (-1.667,-8.000) (-1.603,-8.000) (-1.538,-8.000) (-1.474,-8.000) (-1.410,-8.000) (-1.346,-8.000) (-1.282,-8.000) (-1.218,-7.764) (-1.154,-5.727) (-1.090,-4.182) (-1.026,-2.957) (-0.962,-1.678) (-0.897,-0.145) (-0.833,1.216) (-0.769,2.295) (-0.705,3.132) (-0.641,3.776) (-0.577,4.272) (-0.513,4.655) (-0.449,4.951) (-0.385,5.181) (-0.321,5.362) (-0.256,5.504) (-0.192,5.617) (-0.128,5.707) (-0.064,5.779) (0.000,5.837)

%% SstarNq
(-0.8912,0)

%% KEsci
(0.0000,-0.000) (0.0161,-0.000) (0.0322,-0.000) (0.0483,-0.000) (0.0644,-0.000) (0.0805,-0.000) (0.0966,-0.001) (0.1127,-0.001) (0.1288,-0.002) (0.1449,-0.003) (0.1610,-0.004) (0.1771,-0.006) (0.1932,-0.009) (0.2093,-0.012) (0.2254,-0.016) (0.2415,-0.021) (0.2576,-0.027) (0.2737,-0.034) (0.2898,-0.043) (0.3059,-0.053) (0.3220,-0.065) (0.3381,-0.078) (0.3542,-0.094) (0.3703,-0.111) (0.3864,-0.131) (0.4025,-0.153) (0.4186,-0.179) (0.4347,-0.208) (0.4508,-0.242) (0.4669,-0.280) (0.4831,-0.324) (0.4992,-0.375) (0.5153,-0.434) (0.5314,-0.502) (0.5475,-0.580) (0.5636,-0.673) (0.5797,-0.777) (0.5958,-0.894) (0.6119,-1.025) (0.6280,-1.165) (0.6441,-1.318) (0.6602,-1.476) (0.6763,-1.649) (0.6924,-1.818) (0.7085,-2.007) (0.7246,-2.218) (0.7407,-2.434) (0.7568,-2.677) (0.7729,-2.934) (0.7890,-3.229) (0.8051,-3.523) (0.8212,-3.783) (0.8373,-4.000) (0.8534,-4.523) (0.8695,-5.000) (0.8856,-5.000) (0.9017,-5.602) (0.9178,-5.602) (0.9339,-5.602) (0.9500,-5.602) (0.9550,-5.602) (0.9573,-5.602) (0.9597,-5.602) (0.9620,-5.602) (0.9644,-5.602) (0.9667,-5.602) (0.9691,-5.602) (0.9714,-5.602) (0.9737,-5.602) (0.9761,-5.602) (0.9784,-5.602) (0.9808,-5.602) (0.9831,-5.602) (0.9854,-5.602) (0.9878,-5.602) (0.9901,-5.602) (0.9925,-5.602) (0.9948,-5.602) (0.9972,-5.602) (0.9995,-5.602)

%% CEsci
(-2.500,-8.000) (-2.436,-8.000) (-2.372,-8.000) (-2.308,-8.000) (-2.244,-8.000) (-2.179,-8.000) (-2.115,-8.000) (-2.051,-8.000) (-1.987,-8.000) (-1.923,-8.000) (-1.859,-8.000) (-1.795,-8.000) (-1.731,-8.000) (-1.667,-8.000) (-1.603,-8.000) (-1.538,-8.000) (-1.474,-8.000) (-1.410,-7.708) (-1.346,-5.704) (-1.282,-4.150) (-1.218,-2.887) (-1.154,-1.775) (-1.090,-0.716) (-1.026,0.314) (-0.962,1.272) (-0.897,2.114) (-0.833,2.822) (-0.769,3.402) (-0.705,3.870) (-0.641,4.245) (-0.577,4.543) (-0.513,4.780) (-0.449,4.968) (-0.385,5.118) (-0.321,5.237) (-0.256,5.333) (-0.192,5.410) (-0.128,5.473) (-0.064,5.524) (0.000,5.566)

%% SstarEsci
(-1.0455,0)
%% DtmTrec
(0.7424,0.005) (0.7666,0.022) (0.7807,0.039) (0.7938,0.055) (0.8067,0.072) (0.8174,0.089) (0.8311,0.106) (0.8442,0.122) (0.8567,0.139) (0.8655,0.156) (0.8728,0.173) (0.8802,0.190) (0.8861,0.206) (0.8921,0.223) (0.8972,0.240) (0.9016,0.257) (0.9052,0.273) (0.9095,0.290) (0.9139,0.307) (0.9181,0.324) (0.9229,0.341) (0.9267,0.357) (0.9300,0.374) (0.9340,0.391) (0.9375,0.408) (0.9416,0.424) (0.9457,0.441) (0.9496,0.458) (0.9529,0.475) (0.9569,0.492) (0.9620,0.508) (0.9665,0.525) (0.9706,0.542) (0.9749,0.559) (0.9790,0.576) (0.9836,0.592) (0.9874,0.609) (0.9916,0.626) (0.9959,0.643) (1.0013,0.659) (1.0049,0.676) (1.0085,0.693) (1.0129,0.710) (1.0172,0.727) (1.0223,0.743) (1.0269,0.760) (1.0317,0.777) (1.0363,0.794) (1.0429,0.810) (1.0488,0.827) (1.0552,0.844) (1.0614,0.861) (1.0688,0.878) (1.0759,0.894) (1.0843,0.911) (1.0941,0.928) (1.1051,0.945) (1.1203,0.961) (1.1471,0.978) (1.1839,0.995)

%% DtmQuora
(0.9033,0.005) (0.9279,0.022) (0.9409,0.039) (0.9481,0.055) (0.9550,0.072) (0.9607,0.089) (0.9650,0.106) (0.9691,0.122) (0.9733,0.139) (0.9771,0.156) (0.9801,0.173) (0.9831,0.190) (0.9858,0.206) (0.9887,0.223) (0.9918,0.240) (0.9949,0.257) (0.9975,0.273) (1.0000,0.290) (1.0022,0.307) (1.0041,0.324) (1.0062,0.341) (1.0084,0.357) (1.0109,0.374) (1.0133,0.391) (1.0153,0.408) (1.0176,0.424) (1.0195,0.441) (1.0214,0.458) (1.0235,0.475) (1.0255,0.492) (1.0278,0.508) (1.0297,0.525) (1.0320,0.542) (1.0341,0.559) (1.0362,0.576) (1.0388,0.592) (1.0410,0.609) (1.0431,0.626) (1.0455,0.643) (1.0477,0.659) (1.0503,0.676) (1.0527,0.693) (1.0553,0.710) (1.0577,0.727) (1.0608,0.743) (1.0634,0.760) (1.0658,0.777) (1.0689,0.794) (1.0732,0.810) (1.0764,0.827) (1.0796,0.844) (1.0835,0.861) (1.0877,0.878) (1.0920,0.894) (1.0968,0.911) (1.1024,0.928) (1.1101,0.945) (1.1189,0.961) (1.1301,0.978) (1.1551,0.995)

%% DtmNq
(1.0921,0.005) (1.1045,0.022) (1.1108,0.039) (1.1153,0.055) (1.1183,0.072) (1.1207,0.089) (1.1232,0.106) (1.1253,0.122) (1.1278,0.139) (1.1297,0.156) (1.1317,0.173) (1.1332,0.190) (1.1349,0.206) (1.1366,0.223) (1.1382,0.240) (1.1398,0.257) (1.1414,0.273) (1.1428,0.290) (1.1440,0.307) (1.1454,0.324) (1.1470,0.341) (1.1484,0.357) (1.1498,0.374) (1.1512,0.391) (1.1526,0.408) (1.1539,0.424) (1.1553,0.441) (1.1564,0.458) (1.1578,0.475) (1.1593,0.492) (1.1607,0.508) (1.1620,0.525) (1.1634,0.542) (1.1645,0.559) (1.1658,0.576) (1.1673,0.592) (1.1689,0.609) (1.1701,0.626) (1.1716,0.643) (1.1731,0.659) (1.1749,0.676) (1.1765,0.693) (1.1781,0.710) (1.1795,0.727) (1.1811,0.743) (1.1829,0.760) (1.1845,0.777) (1.1858,0.794) (1.1878,0.810) (1.1897,0.827) (1.1918,0.844) (1.1938,0.861) (1.1963,0.878) (1.1992,0.894) (1.2018,0.911) (1.2045,0.928) (1.2082,0.945) (1.2118,0.961) (1.2177,0.978) (1.2352,0.995)

%% DtmEsci
(0.6452,0.005) (0.6674,0.022) (0.6790,0.039) (0.6894,0.055) (0.6967,0.072) (0.7050,0.089) (0.7113,0.106) (0.7164,0.122) (0.7208,0.139) (0.7247,0.156) (0.7291,0.173) (0.7327,0.190) (0.7365,0.206) (0.7400,0.223) (0.7441,0.240) (0.7474,0.257) (0.7512,0.273) (0.7542,0.290) (0.7576,0.307) (0.7617,0.324) (0.7650,0.341) (0.7686,0.357) (0.7724,0.374) (0.7762,0.391) (0.7803,0.408) (0.7840,0.424) (0.7873,0.441) (0.7917,0.458) (0.7967,0.475) (0.8009,0.492) (0.8057,0.508) (0.8101,0.525) (0.8147,0.542) (0.8200,0.559) (0.8249,0.576) (0.8301,0.592) (0.8353,0.609) (0.8406,0.626) (0.8467,0.643) (0.8528,0.659) (0.8588,0.676) (0.8648,0.693) (0.8702,0.710) (0.8768,0.727) (0.8851,0.743) (0.8925,0.760) (0.8998,0.777) (0.9093,0.794) (0.9179,0.810) (0.9279,0.827) (0.9393,0.844) (0.9490,0.861) (0.9614,0.878) (0.9732,0.894) (0.9873,0.911) (1.0074,0.928) (1.0251,0.945) (1.0541,0.961) (1.0870,0.978) (1.1364,0.995)
%% PocketGridPts
(1,0.0653) (2,0.0369) (3,0.0317) (4,0.1084) (5,0.3509) (6,0.0206) (7,0.0191) (8,0.1182) (9,0.5530) (10,0.0880) (11,0.0794) (12,0.0689) (13,0.1496) (14,0.2300) (15,0.0082) (16,0.4359) (17,0.2675) (18,0.0174) (19,0.0083) (20,0.0434) (21,0.0554) (22,0.0846) (23,0.3451) (24,0.0706) (25,0.0457) (26,0.1829) (27,0.2655) (28,0.1859)

%% PocketGridZero

