%% EsciPts
(0.1011,0.1999) (0.1091,0.2185) (0.1151,0.2226) (0.0713,0.1964) (0.0886,0.1575) (0.1226,0.1458) (0.1146,0.1446)

%% NqPts
(0.1083,0.5500) (0.1166,0.6247) (0.1292,0.6260) (0.0790,0.5809) (0.1286,0.5459) (0.1368,0.4400) (0.1352,0.5043)

%% QuoraPts
(0.1200,0.8900) (0.0870,0.8658) (0.1056,0.8660) (0.0730,0.8604) (0.1235,0.8713) (0.1431,0.8756) (0.1439,0.8744)

%% TrecPts
(0.0991,0.7428) (0.1045,0.8462) (0.1215,0.7426) (0.0729,0.7079) (0.1192,0.8410) (0.1256,0.4697) (0.1185,0.5123)

%% AucPts
(1,0.741) (2,0.674) (3,0.681) (4,0.703) (5,0.658) (6,0.693) (7,0.708) (8,0.594) (9,0.572) (10,0.616) (11,0.600) (12,0.691) (13,0.622) (14,0.618) (15,0.606) (16,0.509) (17,0.547) (18,0.541) (19,0.581) (20,0.621) (21,0.608) (22,0.483) (23,0.433) (24,0.502) (25,0.487) (26,0.423) (27,0.480) (28,0.528)
